ID	Untrt_N61311	Untrt_N052611	Untrt_N080611	Untrt_N061011	Trt_N61311	Trt_N052611	Trt_N080611	Trt_N061011
ENSG00000115414	252202	431304	212257	370697	236548	403909	283575	387585
ENSG00000011465	211813	354136	245980	405052	211356	314485	221529	388640
ENSG00000091986	140134	238069	71221.9	208718	156034	248641	109522	241924
ENSG00000103888	38460.2	131025	51818	84834.9	55068.2	207130	197775	148503
ENSG00000115461	72255.1	277817	204248	157548	88501.6	203697	154450	156294
ENSG00000108821	139089	132869	154053	144582	57798.9	54788.7	67910.4	51179.9
ENSG00000166923	124034	132613	210571	106951	72571.9	88488.6	241778	59877.6
ENSG00000164692	233506	221473	213640	265083	153634	188594	162019	187340
ENSG00000210082	62711.7	116362	178151	76826.3	68373.6	120556	146434	80274.3
ENSG00000087086	178939	155928	226270	140204	118875	107078	127356	94547.8
ENSG00000137801	30358.5	45535.5	29720	31125.4	62927.9	172923	149208	149834
ENSG00000168542	103040	103740	88499.7	111629	64193.1	60506.2	44305.2	57692.1
ENSG00000075624	46111.5	59810.3	46095	48131.4	71876.1	100456	126608	78391
ENSG00000116260	228950	201638	187520	188664	227037	175624	214464	177231
ENSG00000163430	38028.4	55643.1	39014.6	50924.8	87193.9	93165.7	58104.9	108182
ENSG00000154734	6126.5	11493.6	8803.8	14244	40461.9	53348.9	44708.3	61131
ENSG00000198804	159616	171651	260314	194527	185907	193653	220691	199984
ENSG00000165124	37968.6	55494.8	30435.5	54972.3	47558.7	76484.2	64996.5	92071.6
ENSG00000100234	55202.4	67854.2	59738.5	67544	38743.6	51701.9	26476.9	41197.1
ENSG00000198712	31664.8	57603.4	69689.2	39570.5	47664.9	69377.6	65822.7	44673
ENSG00000156508	161016	159989	141240	153401	157107	134074	106947	132486
ENSG00000196924	61958.7	65136.5	48461	52791	73959	86084.4	104185	77475.8
ENSG00000198786	42016.1	63920.8	74646.8	46206.7	48478.2	70081.1	82301.5	51361.7
ENSG00000175899	19288.4	26707.9	1985.4	34219.9	16909.6	39268.3	7039.8	34855.1
ENSG00000184009	40189.7	44266.4	32348	44501.9	51691	70270.4	62940.4	62055.7
ENSG00000198727	42724.1	53149	67012.1	43098.2	53824.3	79202.8	69663.8	50820.6
ENSG00000163359	105676	81992.6	93370.8	93965.5	85673.6	63599	67773.7	79219.6
ENSG00000123243	22856	25453.3	1041	21997	10994.2	12882.3	506.2	12962
ENSG00000135862	22443.7	25786.2	27033.6	22614.3	43720.5	40942.1	40864.4	45495.2
ENSG00000107562	52820.8	22820.3	51094.9	48673	11789.5	7693.9	13307.9	13523.1
ENSG00000166482	36432.1	33564.9	34198.6	34334.7	17377.2	17490.8	16018.4	20091.3
ENSG00000167460	30208.6	33073.6	34022.3	32240	54600.6	52530.6	62770.7	45170.8
ENSG00000131016	36071.7	87675.5	31976.7	55131.6	20404.3	35424.3	18474.1	33095.5
ENSG00000162407	27544.9	38660.7	27170	43544.4	14786.4	17897.7	14018.1	21081.5
ENSG00000087245	117935	108005	140884	118680	98267.5	97240.7	121015	105711
ENSG00000124942	80940.5	84186.8	70295.4	82453.1	88047.4	97008.2	96216.5	116021
ENSG00000198886	60183.2	81110.7	80872.6	65641	73203.9	101445	70870.8	69681.7
ENSG00000198938	49105.3	52766.1	38059.2	43895.3	61183.9	65257.9	36978.3	47310.9
ENSG00000091136	19876	23121	19405.6	23040	40348.9	34744.7	30814.7	39335
ENSG00000135821	4923.9	4192.7	4443	3704.2	42158.9	32900.9	17367.3	46014.1
ENSG00000123384	85641.2	89552	75967.6	91834	73742	67349	82297.9	89535.2
ENSG00000138829	6460.5	3755.5	9953.3	3701	18079.8	10758.3	54438.6	17318.2
ENSG00000196569	5381.3	7970.2	4597.3	8112.5	27488.8	26630.5	15092	40111.8
ENSG00000143387	21639.7	38919.9	40101.4	31876	18547.4	40490.5	33989.9	32341
ENSG00000141753	59043.3	58013.5	145191	59886.4	56486.7	47880.3	124307	43434.4
ENSG00000137573	7785.5	30532.1	6219	16226.1	10491.9	30143.6	8977.9	20391.4
ENSG00000104332	4471.5	12483.9	9192	18864.6	4344.9	21753.6	16048.5	24977
ENSG00000149131	15881.4	21375.8	10255.1	20261.8	21793.7	28423.5	13336.5	29529.8
ENSG00000131386	6573.1	7883.8	10068.6	3546.1	17094.2	23996.8	24390.6	16691.5
ENSG00000196616	24658.9	23853	24748.9	25447.8	68108.4	64081.9	35199.9	60575.1
ENSG00000211445	894.1	2643.2	1372.5	1880.3	17489.1	35703.1	11580.3	26201.9
ENSG00000150093	23426	34716.2	31567.3	32576.8	26564.8	42162.8	38516.1	43164.9
ENSG00000198431	11622.4	11354.6	11312.2	11588.2	28176.8	43271.7	22900	39748.2
ENSG00000213626	5987.5	12929.5	2897.6	5940.9	15457.6	26795.9	15939	17709.2
ENSG00000077942	159839	169867	154201	148197	154565	178487	148162	151810
ENSG00000142173	81708.3	94258	83270.9	99253.3	72160.2	83441.8	85458.8	93316.6
ENSG00000113739	11904.4	7363.6	5534.9	18866.8	14111.9	24458.8	11881.7	41587.1
ENSG00000101347	1586.5	1772.3	1344.5	1817.5	19017.2	29165.8	12597.7	33641.9
ENSG00000134294	13049.2	11070.8	12730.5	12016.1	22432.5	35288.7	23487.1	33600.7
ENSG00000115380	15018.6	30468.5	23273	16959.4	15295.4	28526.4	26422.5	19304
ENSG00000148175	7038.3	7243.3	7461.8	7188.6	20567.7	17896.2	18313.7	21156.6
ENSG00000163513	5500.8	6979.8	8510.5	7069.5	15581.8	21017.3	17960.1	22315.9
ENSG00000206538	5825.9	9701.8	5217	7861.2	16547.2	20701.3	13970.1	21369
ENSG00000182718	16349.5	19146.9	16029.9	16505.6	27330	29860.4	23953.9	26841.2
ENSG00000167658	66372.4	65041.6	58845.8	58507.6	69515.7	53131.3	50805.2	62194.1
ENSG00000177469	13792.5	17087.4	12359.2	17287.6	20053.1	25481.3	24016.9	24984.4
ENSG00000165507	9067.4	9581.5	6722.6	10569	18740.9	37093.7	18250.7	35972.2
ENSG00000133026	8356.4	15932.8	7994.2	13809.7	10563.5	24472.3	15540.9	20424.2
ENSG00000129116	11785	17852.4	15188.1	14698.9	18463.5	32246.6	30829.8	26917.3
ENSG00000164292	7149.9	11118.3	11381.7	7437.7	14160	19212.3	26426	17115.3
ENSG00000142156	65524.3	78711.5	78763.4	84795.9	65798.4	65472.5	75421.3	78587.6
ENSG00000049323	13826.8	16685	15765.4	14469.3	23838.6	25354.6	22925.1	26279
ENSG00000163661	2172.1	4274.8	1760.8	3719.4	11473	14541.2	9038	21234.8
ENSG00000113140	34183.6	34866.2	34623.4	35804.5	27271.8	23551.1	22340.2	23083.2
ENSG00000122786	15928.4	17557.6	16634.3	14573.3	25110.5	28641.1	36360.4	23885.3
ENSG00000115963	22064.7	18647.9	22193	24350.6	10053.4	14703.6	13005.8	14132.9
ENSG00000125868	8348.6	14185	10578.1	10243	15663.5	26959.9	21374.4	18118.2
ENSG00000178209	13892.4	18243	8602.9	15905.5	22708.8	26524.7	18640.2	33696.9
ENSG00000159403	31274.1	32649.1	25058.3	31172	37883.4	35968.4	27222.2	37632.5
ENSG00000148926	12496.9	15430.4	9754.1	15708.4	18974.7	22141.1	22083.1	21110.1
ENSG00000172403	3575.4	5285.5	5311.1	2716.4	11909.2	15112	18391.8	10424.5
ENSG00000134352	39187.9	39066.5	28899.4	42512.2	34186.2	46208	37156.5	46027.9
ENSG00000164761	7034.3	14296.9	11046.9	12472.1	1931.9	4364.1	6369	2858.7
ENSG00000035403	11047.5	14479	8444.3	13371	18105.5	23028	18419	25439.9
ENSG00000147027	4929.8	10923.4	7290.6	7882.9	12242.6	23081.6	14877.2	18736.4
ENSG00000150938	5334.3	10012.7	5354.3	7417.2	8646.1	18048.3	15389.8	16425.2
ENSG00000112096	10861.5	10377.9	18787.6	7521.1	15152.2	21607.6	17717.3	14067.4
ENSG00000197043	9848.9	10465.1	9181	8859.9	20204.1	17268.8	17454.6	17714.5
ENSG00000118523	2830.2	6380	8377.4	8440.7	4651.4	12459	24362	25778.1
ENSG00000198695	13724	19672.2	22837.2	15170.1	17585.3	27393.6	23798.5	15317.6
ENSG00000173706	8171.3	12778.7	7300.7	8310.7	12265	16505.6	15229.5	16082.8
ENSG00000179218	23638.5	19207.1	17418.5	14872.2	19845	14342.9	24092.8	10686.6
ENSG00000205542	24404.3	39608.7	26391	35546.7	20631.4	31733.9	27784.2	28316.6
ENSG00000116016	25750.8	24795.9	29969.3	25432.6	14142.1	14611.2	23623.8	16057.4
ENSG00000139329	10953.5	17987.1	19852.4	21522.6	4950.1	11339.6	10686.8	11861.8
ENSG00000136235	31754	29586.6	30174.4	27976.8	21416.7	23946.1	22287.2	22590.7
ENSG00000136830	13447.8	13940.2	14789.7	12435.2	18387.4	21819.2	24401.4	21937.6
ENSG00000197746	46957.7	43904.7	36714.7	40767.3	45979.1	40040.4	34840.5	40297.8
ENSG00000182326	48860.5	44413.8	44092.6	46762.3	53289.6	49227.7	42733	52487.2
ENSG00000100345	35388.2	36945.1	44492.7	31589	37249.1	42496.7	61048.1	38137.6
ENSG00000124212	11119	17195.9	5150.9	15947.8	7808.2	10736	3223.2	9297.9
ENSG00000174437	6280.3	6249.6	5518.8	5252	12614	14661.9	22046.6	11559.5
ENSG00000245532	15135.2	25800.6	19389.5	21316.8	10851	21071	14392.5	14072.7
ENSG00000111640	29233.2	29233.3	26472.3	22805	24203.3	22312.5	32101.3	19349.4
ENSG00000198467	9930.2	16774	14447.2	13202.1	18365	26074.5	29130.1	17769.5
ENSG00000140545	4437.2	5854	7276.1	6192.2	11578.1	12104.2	13974.4	13993.4
ENSG00000120708	6095.2	11499.5	19335.2	12884.7	3395.1	9488.4	15865.9	9936.3
ENSG00000071967	22014.8	27927	32659.1	30706.3	24236.9	34542	34577	38485.3
ENSG00000035862	35949.3	41157.3	42310.7	38479.8	35091.2	52515.7	45072	42601.7
ENSG00000128595	19332.5	28619.1	25837.4	22891.6	21452.5	28913.9	28019	23566.1
ENSG00000188783	10956.5	17947.3	10144.9	15112.7	8142.7	19088.6	12506	16136.7
ENSG00000169504	12613.4	13530.2	10023.7	13567.1	17927.6	25008.8	19122.7	23386.5
ENSG00000101335	9198.6	17545.8	14743	11835.2	12901.5	22314	24465.8	16382.9
ENSG00000164733	22785.5	24118.1	36214.6	19989.9	28013.5	28177.6	37253.9	23044.1
ENSG00000108828	14984.3	15438	12575.4	15890.4	8152.8	10964	7962.7	11561.7
ENSG00000109971	16973.3	22027.3	29674.3	18290.5	15258.5	19118.4	22842.8	15803.8
ENSG00000174807	17710.7	17060.3	13507	15065	16731.8	8607.5	6555.1	7513
ENSG00000166147	52972.6	73148.2	66989.2	62521.7	66546.8	57225.7	61113.3	67275.3
ENSG00000071242	7194	7674.5	8909.7	6472.7	13416.1	12517.1	17812.6	13835.9
ENSG00000138735	7993.1	12163.7	7497.4	9985.2	3401.8	5999.2	3506.7	3892.3
ENSG00000169604	10999.6	13943.6	17804.2	11365.1	11438.3	14951	18502	15273.2
ENSG00000130402	9229.9	10875.1	9454	8993.1	13496.6	15204.4	22742.5	15967.6
ENSG00000163520	21004.1	22426.3	14348.8	23214.4	17741.9	18444.7	13682.3	22987
ENSG00000162614	1736.3	2263.6	1829.4	2396.9	8219.9	9522.7	7100	8738.9
ENSG00000136156	10971.2	12874.5	10790.9	13831.4	16881.7	18307.6	14010.2	20445.3
ENSG00000159674	13266.6	6694.3	15472.9	9837.9	9326.3	3551.8	5392.5	4783.2
ENSG00000137076	15401.5	15999.7	15363.6	15065	20515.1	21030.7	26914.3	22864.4
ENSG00000134333	10486.4	10438.8	9552.3	7158.3	15255.2	15457.8	26305	14034.6
ENSG00000124762	14189.1	8486.1	11168.1	8609.7	7120.3	4061.6	5497	4441.8
ENSG00000196230	13630.9	11282.6	9552.3	7691.2	5996	3936.4	5935.1	3025.7
ENSG00000183087	4762.4	9907.7	15122.8	6517.1	6198.5	10652.5	21652.2	8419.7
ENSG00000166741	1681.5	2012	2099.8	1257.5	8337.4	7200.5	7634.8	7227.6
ENSG00000067225	24647.1	24306.2	25846.7	20776.3	19104.5	18690.7	23379.7	14011.4
ENSG00000138119	11210.1	13236.2	16466.5	16010.6	12401.5	15095.6	20175.2	23385.4
ENSG00000167552	10793.9	9598.5	8686.8	6521.4	4507.1	3173.2	4507.6	2527.9
ENSG00000044574	15832.4	16410.6	13847.8	11087.8	14581.7	10984.9	28827.3	7928.3
ENSG00000187134	5219.7	6156.4	8672.4	5309.4	16339.1	11232.3	7149.4	16788.7
ENSG00000113083	8183.1	13480.2	8243.4	10716.3	10204.4	20169.2	10996.8	15845
ENSG00000080824	15073.5	17642.3	20772.1	14846.2	11916	12450	15198	12000.2
ENSG00000138356	1342.6	2068.8	4086.1	1920.4	5558.6	5043.8	7757.2	7469.6
ENSG00000211459	6831.6	11890.1	23057.7	7765.9	6868.6	10801.5	16935.5	8948.1
ENSG00000111799	43704.4	51354.7	52347.9	40464	36140.5	40325.1	43150.4	38591
ENSG00000026025	31248.6	31192	32687.1	35943.1	22915.7	32051.4	18602.3	27612.7
ENSG00000145390	1857.7	3554.7	1434.4	4440.8	8791.5	20629.8	3923.3	22468.1
ENSG00000164442	3171	3943.6	3095.9	4328.1	9169.6	11481.2	6933.2	17142.8
ENSG00000174444	32484.5	29562.9	27679.5	25277.7	35536.4	26113.3	24589.7	23879
ENSG00000119139	1859.7	2950.7	2016.8	2012.4	5879.7	11877.7	7031.2	10050.4
ENSG00000168398	7324.2	7027.3	10487.4	6613.5	2718.3	1155.1	2845.9	1173.1
ENSG00000152377	3038.8	3631	7147.3	4735.4	5594.4	9202.2	10174.2	8434.5
ENSG00000142798	10827.2	18154	9845.6	15626.1	11888	12156.4	14078.9	16338.5
ENSG00000119681	34309	33094.8	24681.9	30187.5	27491	24156.3	25387.2	26138.4
ENSG00000198763	18635.2	22081.5	25381.3	19162.4	21977.2	31210.7	23940.3	20324.9
ENSG00000150687	9468.9	13053.2	5473.9	7289.4	4654.7	9093.4	3644.1	4347.8
ENSG00000147403	20921.9	13316.7	13558.7	16311.7	21667.3	12830.1	15339.7	16280.4
ENSG00000197958	15476.9	12790.6	14467.5	10702.2	15489	9949	12595.5	9956.3
ENSG00000067167	8929.3	12024.8	11559.8	10012.3	13204.6	18242	21105.9	14732.1
ENSG00000102265	13809.2	16159.8	18755.4	20522.8	9081.3	16770.9	16381.4	14039.9
ENSG00000108582	4392.2	6951	5581.5	7587.2	5059.7	11300.9	9743.9	10582
ENSG00000173517	4943.5	5878.5	4824.5	5713.4	10243.6	9810.4	9492.6	13123.6
ENSG00000049540	4038.7	6397	2291.4	6008	8721.1	9305.1	4378	14083.2
ENSG00000166598	18617.6	19869.6	16351.2	14414.1	15044.8	13943.5	22487.7	10964.6
ENSG00000089157	43127.6	31592.7	25735.7	29338.3	50178.6	29592.1	26932.2	30950.2
ENSG00000142541	35998.3	29326.5	27247.2	26964.1	39958.5	24675	25884.1	24607.1
ENSG00000154736	570.9	2511.9	1655.6	851.3	5422.1	8205.1	3634.1	7223.4
ENSG00000125730	7457.4	11656.2	3842	9476.2	7935.8	12482.8	3854.6	10324.1
ENSG00000152580	9609.9	9270.6	3669	10380.6	3331.4	4528.1	1771.9	5138.3
ENSG00000149591	2575.6	6341.1	4109	4609.7	5424.4	14684.3	15233	8653.3
ENSG00000125148	1612.9	1153.8	1141.9	1283.5	6647.1	5716	6277.4	5195.4
ENSG00000050405	6144.2	10930.2	10658.6	8958.4	6214.2	7929.4	10805.7	6200.4
ENSG00000149925	19347.1	19004.6	17391.4	14917.7	16492.4	14105.9	21706.6	13639.4
ENSG00000134243	1381.8	2494.1	2138	1717.8	5054.1	11031.1	10741.2	9329.6
ENSG00000186340	21692.6	16630	11346.1	18259.1	12673.3	10615.2	10240.8	12621.7
ENSG00000071127	6907	7426.3	6508.1	6642.7	11038.9	11897	16387.1	10237.5
ENSG00000137154	27813.2	24688.3	22883.9	21526.9	31624.5	21650.8	20303.3	19650.6
ENSG00000105974	8391.7	8398.9	10149.1	10627.5	14771.9	15972	10537.2	18818.9
ENSG00000204262	12777	13711.5	15086.4	13589.8	19282.3	16571.2	16943.4	18259.8
ENSG00000167244	2758.7	8238.7	5562	2036.3	3491.3	7319.8	10554.4	2775.2
ENSG00000133110	1659.9	10669.3	4184.4	5909.5	520.2	4969.3	1065.3	3063.7
ENSG00000022267	7147	9608.6	7204.9	10058.9	9742.4	12652.7	11443.6	14638.1
ENSG00000187079	5776.9	6675.7	7160	5448.1	8475	9952	12848.2	10254.4
ENSG00000120129	648.3	1018.3	684.1	745.2	5574.3	6707.2	4481.8	7138.9
ENSG00000122707	10810.5	13624.2	8999.6	15644.5	7028.5	12341.2	9473.3	12269.7
ENSG00000092841	5096.3	7248.4	5777.3	5769.7	8403.4	10364.8	10936	8569.8
ENSG00000135919	8346.6	18349.7	8671.5	9462.1	4389.6	12165.3	6486.4	6463.5
ENSG00000167526	19488.2	16591	12822.1	16066.9	21355.2	13877.9	14094	15972.8
ENSG00000133112	29040.3	30133.9	24300.4	27320.5	31200.5	34437.6	26069.5	27185.8
ENSG00000197956	25411	23605.6	18427.3	23658.5	23100.3	21615	17388	19594.6
ENSG00000138758	18176.9	21813	23339.1	24983.1	21360.8	18854.6	30698	24207.6
ENSG00000164125	3196.5	3751.3	3631.7	3394.5	7822.8	8142.5	6853.7	7694.7
ENSG00000096060	253.6	321.1	504.4	166.8	5150.3	5741.3	3914.8	4310.8
ENSG00000161011	12942.5	8902.1	11333.4	10837.6	7486.1	6361.4	6056.8	6599.9
ENSG00000159840	6197	6853.6	5571.3	5800.1	10576.9	9761.2	10496.4	8848.8
ENSG00000111452	6605.4	7803.3	3400.3	5861.8	9798.3	10788.1	6641.1	11573.3
ENSG00000113721	17171.1	17810.1	18458.7	16798	20425.6	24572.1	21100.9	25074.2
ENSG00000168477	8195.8	8613.2	2398.3	7373.8	4441.1	5568.4	1946.6	6094.7
ENSG00000277443	8006.8	6473.2	8596.1	7105.2	3559.6	3218	3982.1	2569.1
ENSG00000083857	8656.1	8637.8	10783.2	6750	5489.3	5732.4	12899.8	5799.9
ENSG00000152518	6550.6	5102.5	5899.4	7460.5	10491.9	9136.7	8866.2	10404.4
ENSG00000198034	16946.9	15986.1	14613.3	19650.9	18014.9	14466.6	12465.2	19085.2
ENSG00000130635	12731	11486.8	8686.8	11040.2	8815	6823.4	7095	6831.3
ENSG00000116962	4736.9	4684	4234.5	5370.1	18219.6	13323.4	7394.2	17027.6
ENSG00000064666	5360.7	6829.9	5862.1	6314.6	8331.8	11019.2	12901.2	9695.3
ENSG00000166710	23904.8	27680.5	29181.7	27758	21981.6	28651.6	24834.5	25010.8
ENSG00000072952	3314	6316.5	3486.8	5091.7	3187.1	8682.1	7296.1	5616
ENSG00000050165	12322.6	17448.3	15675.5	16858.7	14236.1	19063.3	19049	21889
ENSG00000134917	4604.7	5862.4	7926.4	3082.5	7006.2	3748.6	11086.3	3212.7
ENSG00000178695	4639.9	4045.2	4491.3	4753.8	920.7	617.1	987.3	636.2
ENSG00000166963	10347.3	8888.5	8644.4	7313.2	6448	5523.7	4317.8	4587.7
ENSG00000134853	11327.6	14245.2	11223.2	13663.5	13615.2	24625.8	15089.9	23038.8
ENSG00000265972	16616.8	18650.5	10504.3	18967.5	13481	19887.5	6359	18494.4
ENSG00000198888	22787.4	27666.1	30045.6	28027.7	30772.1	38016.3	26446.8	31002
ENSG00000113719	4540.1	5920.9	4783.8	4907.6	7306	9136.7	8724.4	8483.1
ENSG00000065534	16178.1	22422.9	17706.7	16621.5	17803.5	22038.3	20111.5	15657.9
ENSG00000148303	19967	20403.3	21087.5	16752.5	20982.7	17092.9	18430.4	15777.3
ENSG00000182752	4730	3927.5	9098.8	2378.5	6826.1	3067.4	14662.4	4365.7
ENSG00000108298	18599.9	18258.2	16931	14979.5	19811.4	14559.1	16503.1	14283
ENSG00000231500	25378.7	20462.6	15906.1	17727.3	28559.4	17660.7	15868.8	17077.2
ENSG00000119318	5917.9	9541.7	6994.7	5949.5	8140.5	11339.6	12492.4	8118.5
ENSG00000120885	14706.2	18961.4	13696.9	13430.6	11108.3	18936.6	11117.1	12981
ENSG00000189221	428.9	485.4	546.8	244.8	4103.2	4602.6	4536.9	3651.3
ENSG00000163431	2010.5	4132.5	2677.2	3397.7	4947.8	9323	6191.4	6571.3
ENSG00000179820	1779.4	2192.5	1476.8	2518.2	4407.5	5291.2	6500.7	6086.3
ENSG00000087303	3614.6	6197.9	5462.8	3813.6	3952.2	7440.5	8997.2	5901.3
ENSG00000184347	14244	17654.2	8542.7	15694.3	12232.5	14526.3	8662.1	15673.8
ENSG00000147526	5967.9	5950.5	5528.1	6500.8	10865.5	12341.2	8426.6	12801.3
ENSG00000152601	3552.9	4036.8	3395.2	5347.3	6807	8012.8	5686	9291.6
ENSG00000168610	6520.2	5590.5	6469.1	5934.4	9654	8659.7	9353.7	10089.5
ENSG00000154096	4946.5	8364.1	11326.6	6664.4	3856	7143.9	11036.2	5479.6
ENSG00000164111	20830.8	21779.1	27342.1	20104.8	25691.1	21957.8	31720.4	22387.8
ENSG00000102804	2294.5	3383.6	3325.7	2787.9	5768.9	7629.8	7423.6	6190.9
ENSG00000041982	3186.7	6136.9	2071	6992.6	1136.6	4270.2	1565	3843.7
ENSG00000133687	2567.7	5321.9	6320.7	3341.4	4014.9	7401.7	9418.9	6920.1
ENSG00000048740	4653.7	3597.1	3114.6	3967.4	7206.4	7360	5433.3	9408.9
ENSG00000071282	1839.1	2638.9	1339.4	2056.8	4601	7054.5	5119.7	7430.5
ENSG00000122176	15594.5	19174.9	10925.7	15978.1	12840	16174.7	12336.3	15519.5
ENSG00000123562	3403.1	3041.3	3491.8	3098.8	6433.4	6883.1	7124.3	6059.8
ENSG00000187955	10398.3	6275.8	4459.1	12124.4	3636.8	4601.1	2723.4	6953.9
ENSG00000009413	4847.6	4387.5	4686.3	5054.9	10626.1	10728.5	7319	12572
ENSG00000084234	17973.2	23082	24990.5	23025.9	19314.8	25467.9	24076.3	25994.7
ENSG00000115419	2148.6	2099.3	2177	2928.7	4689.4	5953	5719.6	4967.1
ENSG00000148516	7463.3	9467.1	9994	9341.9	8707.6	13098.4	13306.4	13227.2
ENSG00000136859	7932.4	7589	9632	7875.3	4929.9	4532.6	3662.7	4873
ENSG00000214548	11364.8	11618.1	11196.9	12753.7	8746.8	7185.6	8349.3	7960
ENSG00000196975	3265	2822.8	2748.4	3021.9	7533	6461.2	5569.3	7538.3
ENSG00000227051	6126.5	6100.5	5988.4	7081.4	2881.7	2751.4	2467.1	3367
ENSG00000110092	9229	14774.7	12738.1	13146.8	7900	16036.1	14352.4	11689.5
ENSG00000185567	4394.1	4000.3	1178.4	6807.4	2293.3	2286.4	1085.4	5501.8
ENSG00000131446	3607.8	4199.4	3280.8	4168.9	6876.4	6890.5	6380.5	7745.5
ENSG00000197324	10354.2	12002.7	13101	11025	12039	14210.3	14797.7	14315.7
ENSG00000157227	28161.9	27533.1	34737	26373.8	28832.3	26165.5	22231.3	29622.8
ENSG00000112837	4118	3626.7	4737.2	4510.1	1227.2	976.3	1698.9	970.2
ENSG00000148180	11404	9113.9	10718	10767.2	17103.2	11895.6	13839.8	17732.5
ENSG00000151914	18757.6	15903.9	18298.4	16700.5	14204.7	11272.5	13584.9	14990
ENSG00000116285	814.8	1095.4	1276.7	825.3	3474.6	6447.8	5574.3	6251.1
ENSG00000101825	4947.4	10311.8	5766.3	5689.6	2152.3	3580.1	2105.6	2662.1
ENSG00000076513	3992.6	5521	4543.9	4370.4	6696.3	8252.8	7639.8	7112.4
ENSG00000170017	3581.3	3547.1	5539.1	4672.6	3833.6	7693.9	11127.1	8762.1
ENSG00000121039	6594.6	11669.8	6592.9	6386	3909.7	9266.3	10308.1	6186.7
ENSG00000130066	2055.6	2416.1	2743.3	2018.9	6960.3	5122.8	4786.1	6216.2
ENSG00000266524	6559.4	4719.6	2078.7	7854.7	4027.2	2168.7	2101.3	3310
ENSG00000198959	5907.2	10903.9	6272.4	10986	9044.4	11227.8	12108.7	12872.1
ENSG00000135404	22023.6	22428	26374	22881.9	20339.5	21059.1	24276.1	18117.1
ENSG00000116132	7017.7	7251.8	7162.5	6351.4	4502.6	4323.9	3974.9	3538.2
ENSG00000167779	2347.4	4830.6	1976.1	5076.6	2572.9	7743.1	2046.2	6834.5
ENSG00000150991	10518.7	9996.6	11605.5	12821.9	13011.1	14670.8	12326.3	14655
ENSG00000142871	1645.2	3365.8	2046.4	2132.7	3340.3	9165	10915.2	9043.2
ENSG00000142192	27393.1	29329.1	24465.7	27368.1	25269.4	24360.5	22851.3	25983.1
ENSG00000189184	8894	8415	6792.9	9553.1	4177.1	4809.8	4420.9	4660.6
ENSG00000090006	31689.3	28797.9	26619	26176.7	27827.8	23010.1	25524.7	24837.5
ENSG00000204592	7182.2	9652.7	10910.4	8723.4	9557.8	11835.9	11871.7	11702.2
ENSG00000026508	18638.1	21365.7	20163.5	24828.2	13610.7	21956.3	18983.8	21143.9
ENSG00000075420	4060.2	4074.9	5085.6	4112.6	6072.1	6503	7697.8	7999.1
ENSG00000182197	6072.7	7083.2	6199.5	7379.3	3924.3	3386.4	4202.6	3355.4
ENSG00000013297	6311.6	4464.6	4402.3	5767.6	1684.7	2046.4	837.6	1819.9
ENSG00000169100	8824.5	6821.4	7329.6	5898.6	9214.4	5037.8	7293.3	5154.1
ENSG00000074800	16585.5	12556.8	10948.5	9806.5	17239.7	10783.7	22881.4	10904.3
ENSG00000168461	2093.8	2543.2	3352	2190.1	3819.1	5288.2	5087.5	5678.3
ENSG00000112769	17549.1	19736.6	18462.9	15633.7	16743	16766.5	19875.9	14145.6
ENSG00000138449	4753.5	6458	6581	6862.6	3304.5	11300.9	8226.9	8040.3
ENSG00000112306	18984.8	13419.2	10185.6	12976.8	20701.9	12265.2	10632.4	11825.9
ENSG00000074527	1907.7	4688.2	1158	3393.4	3385.1	6160.2	3184.5	8608.9
ENSG00000177606	4896.5	3174.4	4725.3	4131	3677	1138.7	1724	1476.4
ENSG00000154175	7823.7	6042	4387.9	6760.8	7734.4	6030.5	4852.6	10061
ENSG00000167996	11131.8	8264.2	8525.7	11002.3	12133	8100.8	10583.7	8258
ENSG00000206503	5011.1	9260.4	6424.2	7823.3	4304.6	7752	5318	6051.4
ENSG00000131711	6769.9	6291.1	6748	10234.3	4304.6	4955.9	4993.7	7725.4
ENSG00000112902	4156.2	2580.5	6376.7	5221.7	2998	1672.3	5711.8	4334
ENSG00000106624	9811.7	15194	12518.6	11448.5	6286.9	15231.3	12082.2	11260.5
ENSG00000135046	7598.4	8762.3	6985.4	8718	10293.9	12728.7	7686.3	13197.6
ENSG00000143878	1871.5	2352.6	2241.4	1468.7	4891.9	4808.3	3681.4	4766.3
ENSG00000204628	21343.9	19429	19156.4	16969.1	23209.9	17100.3	16773.7	17597.2
ENSG00000149257	9133	7870.2	7911.9	8332.4	5323.7	4385	6932.4	4192.4
ENSG00000109610	3387.4	5647.2	2781.4	6186.7	2758.6	5414.9	3042.7	5699.5
ENSG00000100097	18889.8	17201.8	16374.1	17766.3	17734.1	14360.8	15113.5	14990
ENSG00000137962	2052.6	3338.7	2193.1	3243.9	3951.1	6747.4	4824.7	9431.1
ENSG00000136546	2544.2	2688.1	1450.5	4095.3	4895.3	7929.4	3756.5	12431.4
ENSG00000084090	1822.5	2153.5	2492.4	1935.5	3879.5	6814.5	4704.4	4877.2
ENSG00000133142	1301.5	1621.5	1686.2	1515.3	3833.6	5675.8	4345	4119.5
ENSG00000187109	10241.6	9892.4	10490.8	9622.4	14599.6	14711.1	11626.9	14512.3
ENSG00000118689	2367	1893.4	2202.4	2192.2	4309.1	5696.6	5014.4	6244.8
ENSG00000102024	5837.6	8421.7	5451.8	6922.2	5677.2	9817.8	7876.8	7260.4
ENSG00000127241	6173.5	8085.4	7661	12513.2	4794.6	7610.4	6517.2	10712
ENSG00000134363	3039.8	6494.4	4835.5	3600.3	748.4	1551.6	1885.1	1034.6
ENSG00000011028	15527.9	17742.3	13385.8	15967.3	12970.9	13946.5	12407.9	14146.7
ENSG00000096384	11521.5	11950.2	11853.1	11616.4	9470.6	9314	8889.1	8600.4
ENSG00000157214	1276	1382.6	851.1	1296.5	4538.4	6084.2	3282.6	5185.8
ENSG00000139112	4027.9	6699.4	5704.4	4758.1	5700.7	8208.1	7703.5	7293.1
ENSG00000122545	7135.2	9668.8	6765.8	8044.3	8347.4	10694.2	8492.5	9784.1
ENSG00000183160	4358.9	4323.1	3858.9	3883	1683.6	1784.1	2114.9	1692
ENSG00000134686	1506.2	1548.6	1705.7	1455.7	3747.5	4215.1	4047.9	4319.2
ENSG00000136478	1495.4	2051	1854.9	2297.3	3539.4	6096.1	5403.2	6584
ENSG00000162545	4575.3	5081.3	2782.3	5525	7058.7	9908.7	5134	9396.2
ENSG00000115594	11182.7	8758.9	13263.7	8936.8	12999.9	12104.2	11470.1	13053.9
ENSG00000100316	36963.9	28426	27276	28597.4	37657.4	25144.5	26376.6	26847.6
ENSG00000198624	369.2	624.4	331.5	604.4	4414.2	3802.2	2545.2	3597.4
ENSG00000162496	1927.3	3370	1323.3	2597.3	4394.1	7321.3	2306	6101
ENSG00000101955	2713.7	2314.5	3248.5	3469.2	6285.7	4167.4	5172.7	6722.5
ENSG00000109686	3967.2	4422.2	4844	4424.5	6857.4	7395.8	6449.2	8690.3
ENSG00000197321	8914.6	10205	9655.7	8905.4	6708.6	6525.3	6479.3	6651.7
ENSG00000185432	1405.3	1404.6	1113.9	1278.1	6068.7	7847.4	3422.9	8703
ENSG00000156804	2184.8	1927.3	2010.8	3339.2	6269	6115.5	3022	4971.3
ENSG00000168214	7351.6	8359	5473	7528.7	4457.9	5321	4004.2	4370
ENSG00000170962	1948.8	2261.1	773.1	3500.6	1524.7	3562.3	1019.5	5983.7
ENSG00000034510	10385.5	13540.3	14214.9	11849.3	11146.3	11132.4	13275.7	10194.1
ENSG00000134531	3819.3	4023.2	3571.5	4157	5642.5	8191.7	7893.9	9101.4
ENSG00000197879	6060.9	6983.2	6362.3	7392.3	8360.9	8695.5	11717.1	9998.6
ENSG00000109472	10954.5	10365.1	5495.9	10291.7	9066.7	8737.2	4499.7	9185.9
ENSG00000065320	4531.2	3941.9	1709.9	3642.5	6227.6	5280.8	2644.7	5594.8
ENSG00000115306	9970.3	12545.8	9858.4	10535.4	11616.2	12526	10611.7	12875.3
ENSG00000179295	5586	5903.9	7350.7	5919.2	8269.1	8646.3	9364.5	8632.1
ENSG00000118849	2813.5	4495.1	343.3	2138.1	2762	6197.4	270.6	2167.5
ENSG00000183287	4524.4	5105.1	4304	5711.3	6311.5	8223	6288.1	9295.8
ENSG00000091527	3293.4	3795.3	3822.5	3422.6	5462.4	6598.4	6528.7	5790.3
ENSG00000129250	4811.3	6749.4	5994.4	5781.7	6616.9	9057.7	9444	8146
ENSG00000105894	5066.9	5641.3	6414.8	10249.5	3029.3	4218.1	3783	6579.8
ENSG00000134318	3102.4	3303.1	3062	3580.8	5847.2	5775.6	4937.1	6383.2
ENSG00000198121	5309.8	5139.8	7127.8	6039.4	7775.8	8023.3	8387.9	9079.2
ENSG00000158710	9907.6	9085.9	10131.3	8606.4	11825.3	6298.8	8119.5	7480.2
ENSG00000153071	9809.7	10363.4	12291.4	10745.6	9906.8	12238.4	11297.5	12308.8
ENSG00000114019	2030.1	2862.6	2372.8	2030.8	3519.3	4519.1	4844.8	4639.5
ENSG00000163931	8702.1	4415.5	5936.7	5235.8	5657.1	2882.6	3077.1	3624.9
ENSG00000139644	8929.3	10830.2	10052.5	9075.4	11234.7	13150.5	12343.5	11414.8
ENSG00000008441	13208.9	11187.7	10055	12868.5	10471.8	8908.6	8150.3	10197.3
ENSG00000161016	18940.7	14501	13168.8	12122.2	20250	13159.5	13370.9	12138.7
ENSG00000128791	11861.3	7387.3	11184.2	9810.8	10220.1	8908.6	12168.1	10196.2
ENSG00000109861	1701.1	2984.6	3172.2	2803.1	3603.2	5868	5890	6103.2
ENSG00000183098	2705.8	4452.7	2544.9	5001.8	2227.2	4382	3531.7	5157.3
ENSG00000134871	2818.4	2731.3	3639.3	2398	5650.3	4154	6992.6	4749.4
ENSG00000106211	6623	7443.2	5899.4	6014.5	10367.7	8722.3	8123.8	8862.5
ENSG00000137818	20879.8	20039	15956.1	17216.1	24373.3	17718.9	17517.6	17041.3
ENSG00000020577	2042.8	1618.1	1718.4	2068.7	4159.2	3975.1	3829.6	5265.1
ENSG00000009307	14343.9	16624.9	16630.9	14402.2	14188	17097.3	15591	15625.2
ENSG00000148082	2073.2	1979.8	3710.6	2487.9	2933.1	4292.6	5267.2	4608.8
ENSG00000143384	5083.6	4361.2	4623.6	4745.1	6937.9	7662.6	6112.7	7726.4
ENSG00000058668	9686.3	13798.7	10896	11421.4	8200.9	11096.7	12276.9	10066.3
ENSG00000106123	1356.3	2027.3	590	1165.4	3426.5	3790.3	1938	3745.4
ENSG00000106772	3547	3905.5	3642.7	5202.2	6068.7	6102	5991.7	10625.3
ENSG00000116133	4119.9	4788.2	3241.8	1495.8	8495.1	6947.1	5434	3832
ENSG00000198363	13600.6	13251.5	15763.7	14543	10053.4	11415.6	12114.4	12130.2
ENSG00000070540	2436.5	1990	3324.8	1709.2	4805.8	4049.6	4753.1	4169.2
ENSG00000183255	5488	6675.7	6791.2	5938.7	5810.3	8607.5	8306.3	8725.1
ENSG00000166825	2824.3	2315.3	2447.4	2993.7	6611.3	5289.7	3936.2	6573.4
ENSG00000113389	1599.2	3158.3	4145.4	3460.5	3483.5	5324	8807.5	6269.1
ENSG00000246430	604.2	959	1007.1	741.9	2504.7	3633.8	2967.6	4697.6
ENSG00000113657	5991.4	6021.7	5759.5	4956.3	4137.9	3232.9	3961.3	3594.3
ENSG00000143369	3479.5	5170.3	3641.9	6199.7	2783.2	5231.6	3176.6	6180.3
ENSG00000107738	4040.6	5999.7	2246.5	4474.3	5488.1	6112.5	3022.7	6295.5
ENSG00000116667	1961.5	2431.4	1169	2054.7	3995.8	4171.9	1174.1	5173.2
ENSG00000196549	8212.5	10645.6	10404.3	9058.1	7050.9	9437.7	10350.3	9041.1
ENSG00000103196	755	977.6	751.9	769	6377.5	6210.8	2664	5911.9
ENSG00000144724	1731.4	1937.5	2598.3	1892.2	4068.6	3402.8	4583.4	3401.9
ENSG00000140988	19388.3	15975.1	16699.6	15119.2	20924.5	13333.9	15886.7	14633.9
ENSG00000153113	5398.9	5889.5	6458.9	5496.8	6538.6	7658.1	7742.9	7917.7
ENSG00000003402	1378.9	1452.1	1955.7	1344.1	2878.3	3478.8	3647.7	3900.7
ENSG00000131236	5877.8	6224.2	5650.2	5219.5	7737.8	8629.9	9139.7	7394.6
ENSG00000132386	10655.8	8491.2	10266.1	10953.5	8580.1	7781.8	9149	10247
ENSG00000179222	6535.9	5768.4	5847.7	4950.9	3803.4	3697.9	4104.5	3162
ENSG00000118680	4212	5545.6	4328.6	4722.4	5494.9	7515	6481.4	6628.4
ENSG00000198755	10734.2	9585.7	9811.7	8677.9	11798.5	8290.1	9645.1	8456.7
ENSG00000146674	2437.5	3703	2735.7	4487.3	1595.2	3128.5	5691	4613
ENSG00000140092	7632.7	8695.4	8818.2	7827.7	9335.2	9877.4	11398.5	10745.8
ENSG00000100644	4233.5	5469.3	6028.3	4139.7	7040.8	6680.4	10082.6	5646.6
ENSG00000106333	8282	6529.2	6432.6	6294	5017.2	4486.4	4406.6	4052.9
ENSG00000142676	13225.5	12705.9	11818.3	11132.2	14154.4	11174.2	10667.5	10156.1
ENSG00000184640	11227.7	9112.2	9224.2	8189.4	8758	6383.7	7190.2	5759.7
ENSG00000198899	29690.6	33613.2	29151.2	29647	34894.3	46921.9	28704.9	30190.3
ENSG00000106366	3512.8	6318.2	4380.3	5007.2	4491.4	8062	13609.3	5887.6
ENSG00000174306	1945.9	2053.5	1915	2104.5	3947.7	4520.6	3907.6	5319
ENSG00000165029	5437.1	7300.1	9308.2	8820.9	5878.6	8330.3	8123.8	10652.8
ENSG00000000971	2848.8	4749.2	5183.9	5040.8	3693.8	5693.6	7145.1	7608.1
ENSG00000164050	2468.8	3099	2312.6	2309.2	4258.7	4647.3	4132.4	4569.7
ENSG00000134250	8275.1	10773.5	9617.6	9367.8	8368.7	10871.6	10071.1	12123.9
ENSG00000146122	1227.1	1180.1	665.5	676.9	3145.7	3654.7	2874.5	2070.3
ENSG00000143196	608.1	1584.2	175.5	2473.8	1292.1	3139	533.4	3723.2
ENSG00000115993	3008.4	3510.7	3716.5	3271	4502.6	7692.4	6633.2	6959.2
ENSG00000136205	8245.7	10982.7	7416.9	8082.2	6012.8	10481.1	9353.7	8344.7
ENSG00000169047	2782.2	2228.1	3545.2	2160.8	4640.2	3375.9	5554.3	4216.7
ENSG00000143515	9048.8	7777.9	7163.4	9713.4	8285.9	8738.7	7057.7	10670.8
ENSG00000206560	3553.9	4512.9	4079.3	4074.7	5576.5	7225.9	5612.2	7028.9
ENSG00000126777	5013.1	6342.8	6987.9	6542	5255.5	9940	7049.9	9962.7
ENSG00000130508	8395.6	11477.5	12688.1	9322.4	10758.1	11291.9	16961.3	11918.9
ENSG00000147604	13359.7	12722	11403.8	11796.2	13844.5	12682.5	10684	11146.3
ENSG00000197081	13536.9	11385.1	12899.2	12234.9	12903.7	10366.3	10971.1	11589.1
ENSG00000127603	10532.4	11552	10553.5	10211.6	9971.7	12362.1	19292.4	13388.9
ENSG00000117868	3670.4	4606.9	3514.7	4370.4	5063.1	6650.5	5587.9	6399.1
ENSG00000070614	5807.3	8959.7	6265.6	7346.8	7426.8	8333.3	9656.6	8712.5
ENSG00000162244	9319.1	8334.5	8195.9	7137.7	10507.6	6883.1	7947.6	7098.7
ENSG00000108960	808.9	685.4	1216.5	613	3061.8	2590.5	2050.5	2686.4
ENSG00000145592	13070.8	11743.5	11223.2	10330.7	14586.2	9588.3	11054.8	10043
ENSG00000121898	1619.8	3934.3	1809.1	3459.5	1156.7	4116.7	1823.5	3521.3
ENSG00000116005	5486.1	8226.9	7681.4	7228.7	7311.6	11603.4	9124.6	10903.3
ENSG00000008256	1764.7	2558.5	2332.1	2280	3381.7	5495.4	6134.2	5577.9
ENSG00000155511	2002.7	2695.7	1019.8	2354.7	2770.9	3897.6	3900.4	4124.8
ENSG00000002834	6126.5	6577.4	5604.4	6204.1	7047.6	8585.2	8476	8170.3
ENSG00000115310	13162.8	16706.2	15104.2	15057.4	14104.1	19556.6	16649.2	16358.6
ENSG00000134013	2879.2	2956.6	4304.8	2927.7	1307.7	1350.4	3711.4	1823
ENSG00000234745	3069.1	4956.8	5111	3455.1	2412.9	4388	4733.8	2530
ENSG00000108946	6571.1	6458	7463.5	6529	7523	8716.4	8461	7855.4
ENSG00000152818	3056.4	3978.3	3084.9	4165.7	3173.6	4371.6	5290.1	5884.4
ENSG00000162733	15905.9	17064.6	17159.9	17779.3	14350.2	18875.5	16553.9	24200.2
ENSG00000182670	7121.5	7654.2	7204.9	8179.7	4174.8	5674.3	5410.4	5512.4
ENSG00000164647	824.6	870	830.8	1144.9	2427.5	2933.3	2630.4	2803.8
ENSG00000114251	4199.3	4603.5	7844.1	2759.8	2820.1	2738	8221.8	1831.5
ENSG00000233608	3284.6	3552.2	3635.1	3424.8	6470.3	4936.5	5762.6	5611.7
ENSG00000115677	24337.7	23987.7	23514.6	23122.3	21734.4	21644.8	23180	22133.1
ENSG00000157613	3506.9	3513.2	3677.5	3926.3	2144.5	1824.4	1724	1732.1
ENSG00000058262	10270	10738.7	9969.4	10512.7	8339.6	8561.3	9440.4	7596.5
ENSG00000157110	1849.9	2019.7	2196.5	2167.3	3918.7	3860.4	3514.5	3990.6
ENSG00000060138	4265.9	3566.6	4293	3547.2	5906.5	5403	4802.5	6063
ENSG00000067082	2187.8	2037.4	1996.4	1940.9	3990.3	4331.3	3579.7	5665.6
ENSG00000177954	12290.3	13060	11788.7	11510.2	13186.8	10798.6	10623.8	10684.5
ENSG00000182492	8496.4	8238.7	11267.3	11749.6	5366.2	7228.8	8574.8	9039
ENSG00000070756	19012.2	19489.2	19453.9	17725.2	19916.6	17571.3	16632	18121.4
ENSG00000141298	1039	1295.3	1580.2	986.7	3008.1	3147.9	2251.6	3002.4
ENSG00000129353	2715.6	3908	3715.6	2522.6	3731.8	5644.5	4838.3	4605.6
ENSG00000102144	7340.9	7694.9	5890.9	5292.1	7564.4	6832.4	14191.3	5691
ENSG00000087116	3093.6	3496.3	3371.5	3479	5900.9	5072.1	5165.5	5686.8
ENSG00000111669	7116.6	7046.8	6442.8	5325.7	6738.8	4999.1	13005.8	5021
ENSG00000136153	1710.8	3684.3	2361.8	2817.2	1896.1	4039.2	5116.1	3045.8
ENSG00000172757	6329.2	6688.4	5784.1	5447	8020.8	8525.6	9224.9	6268
ENSG00000149090	6921.7	7694.9	6507.2	7253.6	4842.7	5136.2	5792.7	5881.2
ENSG00000112378	5548.7	7012.9	7992.5	6292.9	4913.1	7656.6	7427.9	6269.1
ENSG00000075223	2784.2	4437.5	1918.4	3693.4	2850.3	2823	1873.6	4201.9
ENSG00000091039	3942.7	6130.1	3725	5994	3697.2	5373.2	3899.7	5488.1
ENSG00000197102	19493.1	14646.7	17007.3	16746	16229.5	12703.4	15245.2	16558.3
ENSG00000135318	5113	4573.9	4498.1	7658.7	3361.6	2055.4	2412	4137.5
ENSG00000136436	1599.2	2128.9	2073.6	1892.2	3378.3	5441.8	3635.5	4679.6
ENSG00000111897	8717.8	10490.5	9042.8	10414.1	10043.3	14065.7	10411.2	12136.6
ENSG00000144746	4801.5	4734.8	4706.6	4494.9	6143.7	7453.9	6507.9	6445.6
ENSG00000100106	6780.7	5425.3	5922.3	5215.2	5564.2	3429.6	4183.9	3971.5
ENSG00000149273	17191.7	11330.1	9594.7	10317.7	19322.6	10555.6	9526.3	9812.6
ENSG00000187498	1034.1	1134.4	1696.3	1241.2	3096.4	2225.3	4748.1	2869.3
ENSG00000111341	623.8	2161.1	1296.2	2520.4	790.9	4504.2	1558.6	4093.1
ENSG00000115232	3479.5	1225	1234.3	2115.3	3518.2	1809.4	2071.9	3468.5
ENSG00000203875	3354.1	4006.3	2024.4	2470.6	3749.7	3890.2	1804.2	2234.1
ENSG00000162734	7583.7	12618.6	8090	9302.9	7504	10750.9	9051.6	8197.8
ENSG00000166441	10865.4	11075.1	10640	8761.3	11693.3	9583.8	9526.3	8113.2
ENSG00000185950	830.5	733.7	683.3	839.4	2291	3915.5	3057.8	4599.3
ENSG00000221869	1187.9	939.5	1101.2	809.1	3236.3	2270	3039.2	2852.4
ENSG00000108679	3145.5	5233.8	2711.1	3988	2713.9	5006.5	2674	4004.3
ENSG00000152291	7382	8386.2	7127.8	8628.1	7073.3	9090.5	7962	9706.9
ENSG00000164924	8758.9	8281.1	9120	7533.1	9701	9881.9	9942.2	7783.5
ENSG00000115415	5823.9	5888.7	8812.2	5423.1	6576.6	6839.8	13157.5	6912.7
ENSG00000106538	3602.9	3392.1	1277.5	2361.2	2789.9	2352	1253.6	1688.8
ENSG00000170759	3224.9	3652.2	3781.8	3488.7	4630.1	5452.2	5584.3	5434.2
ENSG00000115457	107.7	1447.8	818.9	463.6	533.6	3933.4	4837.6	2651.6
ENSG00000118526	3721.4	2508.5	2901	3837.5	5594.4	2963.1	4283.5	4771.6
ENSG00000077157	635.6	2347.5	655.3	1612.8	1251.8	3899.1	1577.9	2567
ENSG00000164932	771.7	928.5	2921.3	1463.3	1081.7	2270	7185.2	2236.2
ENSG00000100979	8141.9	7085.7	7520.3	5397.2	6404.3	5933.6	6295.3	4095.2
ENSG00000118762	2084	3520.8	2422.8	2734.9	3179.2	5914.2	4110.2	6416
ENSG00000110651	15635.6	15560.8	14785.4	16469.8	14519.1	17628	14588	15942.2
ENSG00000112936	247.8	245.7	797.7	224.2	5403.1	1354.9	5100.4	2176
ENSG00000142534	16846	14894.1	14216.6	13662.4	18164.8	13019.4	13178.3	13544.3
ENSG00000169764	2109.4	2402.6	1934.5	2448.9	4615.6	4337.3	3274	4256.9
ENSG00000106809	3439.3	3025.2	1011.4	5894.3	1890.5	1761.8	382.3	3125
ENSG00000101608	2235.8	2738.1	2388.9	2598.4	3561.8	4824.7	5416.8	4184
ENSG00000204525	7076.5	5813.3	6955.7	5288.8	6793.6	5186.9	6547.3	4876.2
ENSG00000124766	2423.8	1740.1	2391.5	1983.2	454.2	272.8	614.3	317
ENSG00000122642	4825	6333.5	4813.5	6436.9	4862.8	6953.1	5029.5	6496.3
ENSG00000101846	1327.9	1378.3	2702.6	2779.3	1958.8	1429.4	3426.5	3062.7
ENSG00000074416	3276.8	4645.9	3320.6	3252.6	4948.9	4395.4	6333.2	4002.2
ENSG00000125691	12450.9	11840.9	11619.1	10376.2	13428.4	10823.9	11346.9	9775.6
ENSG00000129009	3803.6	4092.7	2695.8	6096.8	3200.5	3718.8	2343.3	5046.3
ENSG00000166483	1791.1	2459.3	1675.1	3410.7	2508	4218.1	3087.1	4236.8
ENSG00000147257	651.2	1610.5	200.9	2160.8	589.5	1933.2	318.6	2300.7
ENSG00000157483	1031.2	1901.1	1342.8	1886.8	2150.1	2957.1	3069.9	3452.6
ENSG00000171992	5711.3	5460.9	3524.9	6354.6	4301.2	3903.6	3908.3	5109.7
ENSG00000073792	1651.1	1484.2	2246.5	1685.3	2815.7	2687.3	3320.5	3330.1
ENSG00000198542	576.8	1794.3	1256.3	1506.6	1132.1	2761.9	2992.6	3437.9
ENSG00000107438	2029.1	2053.5	2887.4	1536.9	4508.2	3632.3	2998.4	3118.7
ENSG00000196154	3958.4	4879.7	2557.6	4871.8	3294.5	4136.1	2350.4	3805.6
ENSG00000085063	9191.8	10199.1	11213	11048.8	9648.4	11776.3	10869.4	11885.1
ENSG00000092148	5798.5	6583.4	5621.4	7499.5	5230.8	6805.6	4608.5	7422.1
ENSG00000184743	2483.5	2472	2146.5	3165.9	4046.2	5052.7	3086.4	5406.7
ENSG00000103222	6006.1	5372.8	6257.2	5197.9	5025	4025.8	4432.4	3743.3
ENSG00000250722	3179.8	2485.6	1676	3092.3	4060.7	3931.9	2365.5	4177.6
ENSG00000140105	3312	3898.7	2305	4593.5	1515.8	1672.3	1110.4	1301
ENSG00000124486	4001.4	4890.7	4244.6	4920.6	4671.5	6647.6	6016	6844
ENSG00000171603	5478.2	6354.6	5875.7	5748.1	6648.2	7312.3	7585.4	7812