richness	KO1	KO2	KO3	KO4	KO5	KO6	OE1	OE2	OE3	OE4	OE5	OE6	WT1	WT2	WT3	WT4	WT5	WT6
1	104	109	112	106	106	113	98	97	92	106	104	114	100	95	108	108	101	105
2	200	211	200	194	184	206	219	201	190	208	202	216	186	177	200	204	170	210
3	299	294	266	268	239	285	305	308	295	298	287	322	258	243	302	292	238	298
4	370	384	344	334	307	368	418	424	367	368	390	422	316	308	393	372	315	374
5	456	461	409	403	360	447	519	494	446	449	463	504	386	374	472	452	388	456
6	541	545	465	464	427	492	609	585	513	528	562	606	448	435	555	504	430	536
7	619	618	521	528	462	564	711	669	568	610	625	696	528	498	622	584	492	582
8	699	685	575	588	506	640	799	736	660	693	686	796	586	543	699	650	558	677
9	790	735	615	651	564	701	914	845	709	785	772	866	661	601	787	700	627	757
10	860	804	675	701	610	748	1031	926	787	865	844	982	706	664	853	762	661	841
11	940	877	722	732	633	783	1135	993	859	955	924	1068	789	719	904	827	726	914
12	1021	917	770	770	683	829	1242	1100	918	1025	1006	1161	825	770	976	865	789	956
13	1079	982	809	794	714	878	1306	1161	967	1072	1084	1260	875	810	1003	919	840	1003
14	1132	1051	847	834	747	919	1399	1256	1037	1119	1151	1337	918	868	1051	962	889	1054
15	1180	1112	884	860	770	955	1443	1312	1137	1195	1228	1413	983	891	1144	1022	909	1094
16	1230	1168	922	908	785	975	1507	1387	1199	1242	1312	1442	1035	923	1152	1059	965	1145
17	1272	1265	980	934	837	1040	1559	1475	1272	1300	1377	1534	1084	964	1216	1117	999	1179
18	1340	1310	1002	980	874	1062	1642	1508	1333	1346	1429	1595	1139	1009	1269	1157	1062	1237
19	1382	1351	1033	1013	891	1130	1680	1577	1390	1394	1476	1616	1173	1070	1321	1205	1096	1279
20	1421	1397	1068	1040	935	1160	1727	1626	1474	1422	1518	1712	1237	1109	1355	1260	1139	1360
21	1457	1455	1133	1108	968	1227	1759	1658	1508	1475	1545	1735	1273	1172	1446	1286	1213	1389
22	1478	1511	1154	1141	1008	1292	1823	1701	1547	1520	1582	1772	1323	1198	1489	1347	1249	1464
23	1521	1536	1204	1202	1045	1299	1845	1768	1601	1556	1630	1820	1384	1257	1536	1400	1300	1497
24	1551	1584	1236	1213	1080	1349	1885	1783	1656	1596	1673	1863	1461	1294	1616	1458	1355	1551
25	1585	1625	1296	1257	1104	1402	1923	1810	1675	1638	1701	1877	1508	1345	1661	1493	1364	1622
26	1611	1624	1281	1310	1160	1440	1940	1825	1727	1682	1728	1915	1553	1387	1674	1543	1458	1661
27	1629	1663	1347	1344	1183	1496	1984	1868	1730	1684	1766	1949	1611	1423	1746	1597	1473	1697
28	1656	1699	1376	1381	1202	1526	2001	1899	1771	1720	1807	1978	1639	1481	1800	1636	1526	1720
29	1703	1712	1401	1442	1245	1542	2025	1921	1814	1747	1810	1999	1677	1525	1834	1682	1541	1780
30	1713	1747	1445	1463	1262	1569	2045	1947	1838	1773	1858	2023	1710	1549	1862	1710	1595	1794
31	1726	1755	1457	1468	1281	1610	2054	1996	1854	1787	1872	2037	1757	1582	1902	1752	1622	1844
32	1758	1775	1477	1488	1317	1613	2095	2007	1864	1805	1892	2053	1778	1609	1937	1759	1637	1861
33	1775	1798	1496	1531	1327	1658	2102	2009	1890	1843	1901	2093	1819	1634	1956	1790	1661	1887
34	1763	1824	1521	1551	1324	1695	2132	2027	1901	1846	1924	2102	1835	1638	1988	1811	1674	1903
35	1804	1823	1533	1584	1377	1709	2138	2041	1933	1875	1927	2111	1857	1683	2003	1837	1708	1932
36	1811	1856	1550	1596	1381	1723	2161	2065	1956	1862	1956	2126	1888	1684	2021	1880	1751	1958
37	1834	1858	1570	1608	1417	1743	2171	2101	1959	1902	1982	2142	1881	1700	2045	1888	1758	1986
38	1829	1875	1617	1640	1414	1747	2185	2100	1965	1925	2003	2175	1920	1711	2073	1908	1763	2014
39	1897	1896	1627	1654	1439	1790	2198	2103	1985	1953	2010	2177	1942	1757	2093	1944	1790	2008
40	1887	1904	1628	1664	1448	1781	2202	2132	2001	1975	2048	2177	1939	1774	2107	1956	1815	2026
41	1906	1938	1652	1685	1483	1805	2230	2136	2040	1967	2033	2196	1974	1779	2118	1956	1834	2044
42	1943	1951	1669	1696	1495	1844	2245	2152	2050	1977	2066	2219	2002	1798	2153	2000	1852	2080
43	1964	1973	1692	1700	1519	1846	2275	2190	2094	2036	2107	2237	2031	1808	2145	2023	1864	2091
44	1991	1986	1712	1747	1534	1844	2271	2214	2063	2048	2084	2256	2052	1854	2172	2023	1862	2126
45	2006	2003	1710	1737	1526	1914	2308	2215	2114	2057	2111	2244	2056	1841	2217	2040	1906	2150
46	2013	2023	1715	1771	1548	1908	2317	2231	2111	2063	2142	2310	2066	1889	2223	2060	1909	2181
47	2035	2032	1745	1792	1596	1941	2327	2265	2152	2091	2169	2307	2104	1915	2249	2118	1933	2169
48	2079	2073	1769	1789	1608	1968	2356	2265	2167	2134	2191	2345	2115	1913	2271	2099	1953	2207
49	2084	2108	1799	1826	1619	1956	2358	2282	2169	2147	2207	2333	2109	1915	2292	2118	1991	2230
50	2093	2112	1786	1839	1641	2002	2404	2323	2209	2166	2247	2350	2146	1942	2286	2158	2005	2230
51	2098	2150	1830	1864	1667	1989	2415	2315	2219	2170	2245	2379	2150	1977	2322	2150	2013	2279
52	2122	2166	1854	1860	1675	2025	2427	2337	2237	2201	2284	2381	2181	1983	2334	2190	2046	2249
53	2146	2182	1864	1905	1676	2062	2442	2357	2253	2215	2281	2412	2190	1978	2346	2210	2040	2278
54	2146	2180	1856	1908	1689	2086	2449	2377	2268	2233	2294	2440	2232	2022	2350	2239	2044	2312
55	2177	2190	1887	1939	1731	2072	2450	2381	2281	2236	2339	2435	2217	2016	2379	2232	2083	2317
56	2199	2230	1891	1936	1741	2078	2491	2411	2288	2254	2334	2449	2252	2034	2393	2243	2080	2344
57	2211	2242	1899	1957	1743	2101	2491	2443	2319	2281	2354	2464	2254	2050	2423	2269	2112	2362
58	2233	2236	1935	1950	1759	2097	2497	2433	2308	2292	2371	2467	2255	2046	2424	2289	2112	2366
59	2246	2252	1949	1969	1775	2149	2501	2447	2346	2318	2392	2491	2284	2080	2448	2290	2112	2379
60	2271	2259	1934	1983	1774	2145	2527	2454	2352	2335	2379	2510	2296	2082	2468	2295	2152	2396
61	2276	2286	1951	2011	1793	2152	2532	2460	2351	2336	2407	2514	2299	2078	2464	2320	2144	2423
62	2277	2302	1960	2021	1804	2175	2544	2481	2361	2333	2421	2530	2315	2106	2471	2340	2156	2414
63	2277	2321	1977	2028	1807	2185	2552	2471	2379	2377	2412	2519	2340	2122	2486	2334	2168	2424
64	2302	2310	1991	2035	1824	2183	2556	2479	2395	2365	2441	2541	2328	2111	2474	2362	2177	2418
65	2306	2316	1969	2033	1833	2188	2577	2493	2396	2392	2464	2551	2350	2126	2504	2366	2179	2444
66	2311	2339	1989	2017	1836	2192	2561	2498	2398	2377	2452	2552	2335	2141	2512	2353	2185	2448
67	2324	2338	1997	2050	1840	2193	2595	2499	2399	2382	2458	2557	2345	2131	2517	2379	2200	2454
68	2333	2338	1997	2056	1833	2225	2592	2504	2413	2390	2479	2567	2352	2151	2524	2368	2207	2470
69	2325	2355	2004	2044	1849	2205	2583	2519	2412	2401	2465	2570	2365	2160	2535	2397	2213	2461
70	2349	2358	2016	2066	1857	2218	2604	2523	2432	2402	2477	2572	2373	2158	2537	2376	2211	2467
71	2349	2347	2024	2071	1854	2227	2605	2522	2429	2414	2478	2583	2372	2167	2536	2388	2219	2465
72	2347	2371	2029	2075	1864	2227	2604	2524	2423	2417	2487	2584	2379	2170	2538	2394	2219	2493
73	2344	2361	2027	2081	1873	2226	2606	2532	2429	2412	2487	2590	2387	2172	2530	2407	2218	2482
74	2362	2373	2031	2078	1870	2235	2617	2523	2448	2423	2493	2590	2379	2177	2547	2406	2234	2479
75	2358	2375	2033	2086	1886	2231	2610	2538	2440	2429	2489	2595	2386	2177	2544	2411	2230	2489
76	2366	2380	2039	2085	1876	2237	2617	2542	2443	2427	2497	2595	2386	2178	2555	2409	2240	2496
77	2367	2379	2037	2084	1880	2240	2616	2539	2446	2435	2498	2593	2395	2178	2554	2418	2242	2499
78	2373	2378	2033	2085	1884	2244	2621	2542	2440	2437	2495	2595	2389	2178	2557	2415	2239	2498
79	2370	2381	2038	2091	1879	2247	2616	2542	2447	2432	2506	2599	2397	2185	2548	2419	2242	2503
80	2370	2378	2038	2091	1877	2253	2619	2541	2447	2439	2507	2598	2394	2188	2561	2416	2239	2500
81	2375	2381	2046	2094	1884	2243	2622	2545	2452	2432	2510	2602	2397	2189	2563	2415	2244	2505
82	2373	2387	2045	2096	1887	2247	2616	2547	2452	2438	2510	2597	2396	2184	2564	2419	2246	2497
83	2374	2388	2044	2098	1884	2251	2621	2546	2456	2439	2509	2602	2394	2191	2563	2424	2247	2507
84	2378	2392	2045	2094	1884	2252	2620	2549	2458	2441	2507	2606	2402	2191	2563	2422	2246	2506
85	2380	2388	2047	2095	1889	2253	2625	2549	2456	2441	2512	2602	2403	2189	2564	2426	2239	2507
86	2379	2391	2047	2100	1888	2252	2625	2553	2458	2439	2508	2605	2400	2194	2564	2425	2245	2511
87	2380	2391	2044	2101	1890	2254	2624	2552	2453	2442	2513	2602	2398	2190	2561	2421	2248	2509
88	2380	2392	2048	2097	1890	2251	2623	2549	2457	2441	2513	2606	2403	2194	2565	2423	2249	2504
89	2381	2391	2048	2096	1890	2255	2624	2554	2457	2444	2510	2604	2404	2193	2567	2426	2249	2506
90	2380	2392	2047	2097	1893	2253	2626	2552	2451	2443	2515	2604	2405	2195	2568	2426	2249	2508
91	2381	2393	2050	2100	1891	2255	2626	2552	2459	2445	2515	2608	2403	2194	2564	2425	2249	2510
92	2380	2391	2050	2100	1893	2255	2628	2554	2456	2445	2511	2605	2405	2195	2566	2425	2249	2509
93	2382	2391	2050	2099	1893	2256	2627	2552	2458	2446	2510	2607	2405	2191	2567	2425	2249	2508
94	2380	2392	2050	2101	1892	2257	2626	2554	2458	2444	2515	2608	2403	2195	2566	2426	2249	2510
95	2382	2393	2050	2098	1893	2257	2627	2554	2458	2446	2514	2607	2405	2195	2567	2427	2249	2509
96	2381	2392	2049	2101	1892	2256	2626	2554	2459	2446	2515	2606	2404	2195	2566	2426	2249	2511
97	2381	2393	2049	2101	1892	2256	2627	2554	2459	2446	2514	2607	2405	2195	2566	2427	2249	2511
98	2382	2393	2050	2101	1893	2257	2628	2554	2458	2446	2514	2607	2403	2195	2568	2427	2249	2510
99	2382	2393	2049	2101	1893	2254	2627	2552	2458	2444	2515	2608	2405	2195	2568	2427	2249	2511
100	2382	2393	2049	2100	1892	2256	2628	2552	2459	2446	2515	2608	2404	2195	2567	2427	2250	2511

